175.08	3605.88984
175.03	3605.061214737411
174.98	3604.232553649646
174.93	3603.403856215023
174.88	3602.57512190165
174.83	3601.746350167168
174.7799999999999	3600.917540458494
174.7299999999999	3600.088692211556
174.6799999999999	3599.259804851014
174.6299999999999	3598.430877789977
174.5799999999999	3597.601910429714
174.5299999999999	3596.772902159349
174.4799999999999	3595.943852355551
174.4299999999999	3595.114760382218
174.3799999999999	3594.285625590141
174.3299999999998	3593.456447316668
174.2799999999998	3592.627224885351
174.2299999999998	3591.797957605584
174.1799999999998	3590.968644772229
174.1299999999998	3590.139285665234
174.0799999999998	3589.309879549227
174.0299999999998	3588.480425673115
173.9799999999998	3587.650923269654
173.9299999999998	3586.821371555007
173.8799999999997	3585.991769728303
173.8299999999997	3585.16211697116
173.7799999999997	3584.332412447205
173.7299999999997	3583.502655301575
173.6799999999997	3582.672844660403
173.6299999999997	3581.842979630282
173.5799999999997	3581.013059297712
173.5299999999997	3580.183082728537
173.4799999999996	3579.353048967348
173.4299999999996	3578.522957036875
173.3799999999996	3577.692805937358
173.3299999999996	3576.862594645888
173.2799999999996	3576.032322115737
173.2299999999996	3575.201987275651
173.1799999999996	3574.371589029131
173.1299999999996	3573.541126253674
173.0799999999996	3572.710597800001
173.0299999999995	3571.880002491247
172.9799999999995	3571.049339122123
172.9299999999995	3570.218606458051
172.8799999999995	3569.387803234266
172.8299999999995	3568.556928154879
172.7799999999995	3567.725979891913
172.7299999999995	3566.894957084296
172.6799999999995	3566.06385833682
172.6299999999995	3565.23268221906
172.5799999999994	3564.401427264246
172.5299999999994	3563.570091968099
172.4799999999994	3562.738674787618
172.4299999999994	3561.907174139818
172.3799999999994	3561.075588400418
172.3299999999994	3560.243915902483
172.2799999999994	3559.412154935002
172.2299999999994	3558.580303741418
172.1799999999994	3557.748360518091
172.1299999999993	3556.916323412699
172.0799999999993	3556.084190522581
172.0299999999993	3555.251959893
171.9799999999993	3554.419629515342
171.9299999999993	3553.587197325234
171.8799999999993	3552.754661200582
171.8299999999993	3551.922018959534
171.7799999999993	3551.089268358341
171.7299999999993	3550.256407089136
171.6799999999992	3549.423432777615
171.6299999999992	3548.590342980609
171.5799999999992	3547.757135183555
171.5299999999992	3546.923806797853
171.4799999999992	3546.090355158102
171.4299999999992	3545.25677751921
171.3799999999992	3544.423071053373
171.3299999999992	3543.589232846916
171.2799999999991	3542.755259896986
171.2299999999991	3541.921149108086
171.1799999999991	3541.086897288452
171.1299999999991	3540.252501146253
171.0799999999991	3539.417957285608
171.0299999999991	3538.583262202414
170.9799999999991	3537.748412279964
170.9299999999991	3536.913403784355
170.8799999999991	3536.078232859661
170.829999999999	3535.242895522874
170.779999999999	3534.407387658574
170.729999999999	3533.571705013344
170.679999999999	3532.735843189884
170.629999999999	3531.899797640823
170.579999999999	3531.063563662208
170.529999999999	3530.227136386652
170.479999999999	3529.390510776101
170.429999999999	3528.553681614231
170.3799999999989	3527.716643498415
170.3299999999989	3526.879390831255
170.2799999999989	3526.041917811642
170.2299999999989	3525.204218425318
170.1799999999989	3524.3662864349
170.1299999999989	3523.528115369333
170.0799999999989	3522.689698512736
170.0299999999989	3521.851028892597
169.9799999999989	3521.012099267271
169.9299999999988	3520.172902112728
169.8799999999988	3519.333429608515
169.8299999999988	3518.493673622852
169.7799999999988	3517.653625696816
169.7299999999988	3516.813277027539
169.6799999999988	3515.972618450355
169.6299999999988	3515.131640419799
169.5799999999988	3514.290332989404
169.5299999999988	3513.448685790161
169.4799999999987	3512.606688007576
169.4299999999987	3511.764328357198
169.3799999999987	3510.921595058491
169.3299999999987	3510.078475806931
169.2799999999987	3509.234957744175
169.2299999999987	3508.391027426142
169.1799999999987	3507.546670788843
169.1299999999987	3506.701873111755
169.0799999999986	3505.856618978539
169.0299999999986	3505.010892234875
168.9799999999986	3504.164675943152
168.9299999999986	3503.317952333736
168.8799999999986	3502.47070275251
168.8299999999986	3501.622907604353
168.7799999999986	3500.774546292166
168.7299999999986	3499.925597151036
168.6799999999986	3499.076037377076
168.6299999999985	3498.225842950432
168.5799999999985	3497.374988551859
168.5299999999985	3496.523447472268
168.4799999999985	3495.671191514495
168.4299999999985	3494.818190886519
168.3799999999985	3493.964414085227
168.3299999999985	3493.109827769727
168.2799999999985	3492.254396623094
168.2299999999985	3491.398083201277
168.1799999999984	3490.540847767734
168.1299999999984	3489.682648112208
168.0799999999984	3488.8234393518
168.0299999999984	3487.963173712279
167.9799999999984	3487.101800287286
167.9299999999984	3486.23926477275
167.8799999999984	3485.375509173466
167.8299999999984	3484.510471478354
167.7799999999984	3483.644085300381
167.7299999999983	3482.776279476565
167.6799999999983	3481.906977622754
167.6299999999983	3481.036097637075
167.5799999999983	3480.163551144943
167.5299999999983	3479.289242877406
167.4799999999983	3478.413069973166
167.4299999999983	3477.534921192908
167.3799999999983	3476.654676032376
167.3299999999983	3475.772203717722
167.2799999999982	3474.887362062493
167.2299999999982	3473.999996159424
167.1799999999982	3473.109936870138
167.1299999999982	3472.216999059093
167.0799999999982	3471.320979489158
167.0299999999982	3470.421654246147
166.9799999999982	3469.518775473547
166.9299999999982	3468.612067053389
166.8799999999981	3467.701218630269
166.8299999999981	3466.78587699475
166.7799999999981	3465.865633257773
166.7299999999981	3464.940003387219
166.6799999999981	3464.008398472153
166.6299999999981	3463.070079486141
166.5799999999981	3462.124089361175
166.5299999999981	3461.169153000083
166.4799999999981	3460.203533774768
166.429999999998	3459.224833650713
166.379999999998	3458.229724190976
166.329999999998	3457.213598413104
166.279999999998	3456.17013999645
166.229999999998	3455.090817706536
166.179999999998	3453.964329612612
166.129999999998	3452.776043200421
166.079999999998	3451.50750183779
166.029999999998	3450.136091539384
165.9799999999979	3448.634979341534
165.9299999999979	3446.973439742676
165.8799999999979	3445.11767302321
165.8299999999979	3443.032185695649
165.7799999999979	3440.681750203654
165.7299999999979	3438.033895602664
165.6799999999979	3435.061816286212
165.6299999999979	3431.747536516448
165.5799999999979	3428.085140771246
165.5299999999978	3424.083854164716
165.4799999999978	3419.770672038309
165.4299999999978	3415.192009264623
165.3799999999978	3410.413474772778
165.3299999999978	3405.516666498847
165.2799999999978	3400.592387496733
165.2299999999978	3395.731118806621
165.1799999999978	3391.013076440044
165.1299999999978	3386.500360340172
165.0799999999977	3382.232397289866
165.0299999999977	3378.224346873812
164.9799999999977	3374.467463740812
164.9299999999977	3370.930559566199
164.8799999999977	3367.562119856167
164.8299999999977	3364.292934622578
164.7799999999977	3361.039238937047
164.7299999999977	3357.706396598845
164.6799999999976	3354.193156838218
164.6299999999976	3350.396491573648
164.5799999999976	3346.216979658871
164.5299999999976	3341.564645230863
164.4799999999976	3336.365091030691
164.4299999999976	3330.565713729972
164.3799999999976	3324.141755270952
164.3299999999976	3317.101894989202
164.2799999999976	3309.492907469394
164.2299999999975	3301.402446690088
164.1799999999975	3292.958293838557
164.1299999999975	3284.321996970805
164.0799999999975	3275.675814169826
164.0299999999975	3267.20464116066
163.9799999999975	3259.077468967257
163.9299999999975	3251.433249799889
163.8799999999975	3244.373509381523
163.8299999999975	3237.9610385578
163.7799999999974	3232.222613535024
163.7299999999974	3227.153891465054
163.6799999999974	3222.725333150924
163.6299999999974	3218.888512499517
163.5799999999974	3215.582380873429
163.5299999999974	3212.739113042963
163.4799999999974	3210.289205544428
163.4299999999974	3208.165582092933
163.3799999999974	3206.306580376921
163.3299999999973	3204.657823244564
163.2799999999973	3203.173087941347
163.2299999999973	3201.814362457555
163.1799999999973	3200.551312753198
163.1299999999973	3199.360382764072
163.0799999999973	3198.223720517922
163.0299999999973	3197.128080189113
162.9799999999973	3196.063802259991
162.9299999999972	3195.023930161715
162.8799999999972	3194.003486557147
162.8299999999972	3192.998907520303
162.7799999999972	3192.007617758414
162.7299999999972	3191.027722910226
162.6799999999972	3190.05779354576
162.6299999999972	3189.096717587213
162.5799999999972	3188.143601683591
162.5299999999972	3187.197706347288
162.4799999999971	3186.258403641303
162.4299999999971	3185.32514952525
162.3799999999971	3184.397465528456
162.3299999999971	3183.47492627482
162.2799999999971	3182.557150663085
162.2299999999971	3181.643795349085
162.1799999999971	3180.734549711018
162.1299999999971	3179.829131806642
162.0799999999971	3178.92728502671
162.029999999997	3178.028775263139
161.979999999997	3177.133388476256
161.929999999997	3176.240928583508
161.879999999997	3175.351215614454
161.829999999997	3174.464084090484
161.779999999997	3173.579381596578
161.729999999997	3172.696967518526
161.679999999997	3171.81671192348
161.629999999997	3170.938494565184
161.5799999999969	3170.062203998024
161.5299999999969	3169.187736786296
161.4799999999969	3168.314996797022
161.4299999999969	3167.443894566227
161.3799999999969	3166.574346729963
161.3299999999969	3165.706275512523
161.2799999999969	3164.83960826526
161.2299999999969	3163.974277050309
161.1799999999969	3163.110218264169
161.1299999999968	3162.247372296816
161.0799999999968	3161.385683222465
161.0299999999968	3160.525098518637
160.9799999999968	3159.665568810552
160.9299999999968	3158.807047638216
160.8799999999968	3157.949491243907
160.8299999999968	3157.092858377996
160.7799999999968	3156.237110121289
160.7299999999967	3155.382209722269
160.6799999999967	3154.52812244781
160.6299999999967	3153.674815446078
160.5799999999967	3152.82225762046
160.5299999999967	3151.970419513524
160.4799999999967	3151.119273200071
160.4299999999967	3150.26879218847
160.3799999999967	3149.418951329527
160.3299999999967	3148.569726732238
160.2799999999966	3147.72109568581
160.2299999999966	3146.873036587434
160.1799999999966	3146.025528875299
160.1299999999966	3145.178552966413
160.0799999999966	3144.332090198855
160.0299999999966	3143.486122778056
159.9799999999966	3142.64063372682
159.9299999999966	3141.795606838758
159.8799999999966	3140.951026634886
159.8299999999965	3140.106878323119
159.7799999999965	3139.263147760461
159.7299999999965	3138.419821417658
159.6799999999965	3137.576886346152
159.6299999999965	3136.734330147145
159.5799999999965	3135.892140942629
159.5299999999965	3135.050307348233
159.4799999999965	3134.208818447751
159.4299999999965	3133.367663769242
159.3799999999964	3132.526833262577
159.3299999999964	3131.68631727834
159.2799999999964	3130.846106547986
159.2299999999964	3130.006192165169
159.1799999999964	3129.16656556816
159.1299999999964	3128.327218523285
159.0799999999964	3127.488143109306
159.0299999999964	3126.649331702693
158.9799999999964	3125.810776963721
158.9299999999963	3124.97247182334
158.8799999999963	3124.134409470774
158.8299999999963	3123.296583341792
158.7799999999963	3122.458987107616
158.7299999999963	3121.621614664421
158.6799999999963	3120.784460123403
158.6299999999963	3119.947517801358
158.5799999999963	3119.110782211759
158.5299999999962	3118.274248056296
158.4799999999962	3117.437910216846
158.4299999999962	3116.601763747858
158.3799999999962	3115.765803869113
158.3299999999962	3114.930025958855
158.2799999999962	3114.094425547258
158.2299999999962	3113.258998310213
158.1799999999962	3112.423740063421
158.1299999999962	3111.588646756775
158.0799999999961	3110.753714469003
158.0299999999961	3109.91893940257
157.9799999999961	3109.084317878825
157.9299999999961	3108.249846333371
157.8799999999961	3107.415521311646
157.8299999999961	3106.581339464719
157.7799999999961	3105.747297545267
157.7299999999961	3104.913392403746
157.6799999999961	3104.079620984718
157.629999999996	3103.245980323364
157.579999999996	3102.41246754213
157.529999999996	3101.57907984754
157.479999999996	3100.745814527133
157.429999999996	3099.91266894654
157.379999999996	3099.079640546689
157.329999999996	3098.246726841128
157.279999999996	3097.413925413454
157.229999999996	3096.581233914863
157.1799999999959	3095.748650061794
157.1299999999959	3094.916171633676
157.0799999999959	3094.083796470763
157.0299999999959	3093.251522472059
156.9799999999959	3092.419347593333
156.9299999999959	3091.587269845209
156.8799999999959	3090.755287291331
156.8299999999959	3089.923398046607
156.7799999999959	3089.091600275518
156.7299999999958	3088.259892190496
156.6799999999958	3087.428272050367
156.6299999999958	3086.596738158844
156.5799999999958	3085.765288863099
156.5299999999958	3084.933922552364
156.4799999999958	3084.102637656609
156.4299999999958	3083.271432645252
156.3799999999958	3082.440306025929
156.3299999999957	3081.609256343304
156.2799999999957	3080.778282177928
156.2299999999957	3079.947382145132
156.1799999999957	3079.116554893972
156.1299999999957	3078.285799106202
156.0799999999957	3077.455113495289
156.0299999999957	3076.624496805466
155.9799999999957	3075.793947810812
155.9299999999957	3074.963465314373
155.8799999999956	3074.133048147306
155.8299999999956	3073.302695168055
155.7799999999956	3072.472405261568
155.7299999999956	3071.642177338517
155.6799999999956	3070.81201033457
155.6299999999956	3069.981903209668
155.5799999999956	3069.151854947346
155.5299999999956	3068.321864554055
155.4799999999956	3067.491931058527
155.4299999999955	3066.662053511148
155.3799999999955	3065.83223098336
155.3299999999955	3065.002462567078
155.2799999999955	3064.172747374126
155.2299999999955	3063.343084535696
155.1799999999955	3062.513473201824
155.1299999999955	3061.683912540873
155.0799999999955	3060.854401739051
